0 0
96.0747458451 5593.42317632
120.350926748 5120.02121419
138.163152619 4769.50931457
151.773833827 6139.20936856
162.504333383 7441.74552876
171.17669421 8547.36948922
178.328458078 9498.20988498
184.325607159 10325.0193502
189.425772572 11050.819258
113.369844788 5833.39418008
134.800616097 5291.26620775
150.551940059 4898.26695051
162.605049898 5550.51173577
172.119114294 6947.21886034
179.816382604 8125.74795342
186.169784995 9134.27508609
191.501705285 10007.5642398
196.03933195 10771.3930399
130.311732989 6113.54515137
148.982550944 5485.81623953
162.730630017 5041.83737022
173.266942007 4916.22608579
181.594485686 6418.00965967
188.33926843 7677.07227627
193.911815231 8748.80060425
198.59234212 9672.66388198
202.578556006 10477.6302562
146.892886942 6445.48755216
162.891577223 5708.96663732
174.695533478 5203.00759622
183.756777094 4832.18667033
190.928365437 5850.23767783
196.743728455 7198.59618862
201.553258511 8339.7824994
205.596474931 9318.81885746
209.042589915 10168.3850856
779.979958687 0
