0 0
162.794093728 5593.42317632
246.934854584 5120.02121419
334.958297 4769.50931457
426.700147645 6139.20936856
522.015381763 7441.74552876
620.774732671 8547.36948922
722.862028245 9498.20988498
48.1921595927 10325.0193502
156.629275412 11050.819258
219.339822225 5833.39418008
316.007521713 5291.26620775
417.307100824 4898.26695051
523.035705421 5550.51173577
633.015020246 6947.21886034
747.086685439 8125.74795342
85.1288707378 9134.27508609
206.97343235 10007.5642398
332.524055132 10771.3930399
292.55566054 6113.54515137
405.61688262 5485.81623953
524.311640118 5041.83737022
648.384228826 4916.22608579
777.610911954 6418.00965967
131.813805484 7677.07227627
270.776099543 8748.80060425
414.358771267 9672.66388198
562.417658862 10477.6302562
390.670432268 6445.48755216
525.952992667 5708.96663732
668.256472312 5203.00759622
37.2701925505 4832.18667033
192.666128767 5850.23767783
354.210657119 7198.59618862
521.67808162 8339.7824994
694.865882904 9318.81885746
93.611043852 10168.3850856
779.979958687 0
